n = 3 
8	1	6
3	5	7
4	9	2
-------------------------------------
n = 4 
1	15	14	4
12	6	7	9
8	10	11	5
13	3	2	16
-------------------------------------
n = 5 
17	24	1	8	15
23	5	7	14	16
4	6	13	20	22
10	12	19	21	3
11	18	25	2	9
-------------------------------------
n = 6 
35	1	6	26	19	24
3	32	7	21	23	25
31	9	2	22	27	20
8	28	33	17	10	15
30	5	34	12	14	16
4	36	29	13	18	11
-------------------------------------
n = 7 
30	39	48	1	10	19	28
38	47	7	9	18	27	29
46	6	8	17	26	35	37
5	14	16	25	34	36	45
13	15	24	33	42	44	4
21	23	32	41	43	3	12
22	31	40	49	2	11	20
-------------------------------------
n = 8 
1	63	62	4	5	59	58	8
56	10	11	53	52	14	15	49
48	18	19	45	44	22	23	41
25	39	38	28	29	35	34	32
33	31	30	36	37	27	26	40
24	42	43	21	20	46	47	17
16	50	51	13	12	54	55	9
57	7	6	60	61	3	2	64
-------------------------------------
n = 9 
47	58	69	80	1	12	23	34	45
57	68	79	9	11	22	33	44	46
67	78	8	10	21	32	43	54	56
77	7	18	20	31	42	53	55	66
6	17	19	30	41	52	63	65	76
16	27	29	40	51	62	64	75	5
26	28	39	50	61	72	74	4	15
36	38	49	60	71	73	3	14	25
37	48	59	70	81	2	13	24	35
-------------------------------------
n = 10 
92	99	1	8	15	67	74	51	58	40
98	80	7	14	16	73	55	57	64	41
4	81	88	20	22	54	56	63	70	47
85	87	19	21	3	60	62	69	71	28
86	93	25	2	9	61	68	75	52	34
17	24	76	83	90	42	49	26	33	65
23	5	82	89	91	48	30	32	39	66
79	6	13	95	97	29	31	38	45	72
10	12	94	96	78	35	37	44	46	53
11	18	100	77	84	36	43	50	27	59
-------------------------------------
